   24.85    13.9
   25.06   14.83
   25.23   15.77
    25.4   16.75
   25.59   17.72
   25.81   18.68
   26.03   19.64
   26.26   20.61
   26.49   21.57
   26.71   22.54
   26.93   23.51
   27.15   24.47
   27.39   25.43
   27.63   26.39
   27.86   27.35
    28.1   28.31
   28.34   29.26
   28.59   30.22
   28.84   31.17
   29.09   32.12
   29.34   33.07
    29.6   34.02
   29.86   34.97
   30.09   35.92
   30.31   36.88
   30.56   37.83
    30.8   38.77
   31.04   39.72
   31.27   40.68
   31.49   41.63
   31.71   42.58
   31.93   43.53
   32.16   44.48
   32.39   45.44
   32.61   46.39
   32.82   47.35
   33.03   48.31
   33.26   49.27
   33.48   50.22
    33.7   51.18
   33.92   52.14
   34.16   53.09
   34.41   54.04
   34.65   54.99
   34.89   55.94
   35.12   56.89
    35.4   57.83
   35.68   58.77
   35.94   59.71
   36.18   60.66
   36.43   61.61
    36.7   62.55
   36.97   63.49
   37.21   64.44
   37.46   65.39
   37.71   66.34
   37.96   67.28
   38.23   68.23
   38.52   69.16
   38.81   70.09
   39.15   71.01
   39.48   71.92
   39.79   72.85
   40.09   73.79
   40.41   74.72
   40.74   75.64
   41.07   76.55
   41.38   77.48
    41.7   78.41
   42.03   79.34
   42.37   80.26
   42.71   81.18
   43.06   82.09
    43.4   83.01
   43.74   83.93
   44.09   84.84
   44.44   85.75
    44.8   86.66
   45.14   87.58
   45.47    88.5
   45.81   89.42
    46.2   90.32
   46.59   91.22
   46.99   92.12
   47.39   93.02
   47.79   93.91
    48.2    94.8
   48.61   95.69
   49.02   96.58
   49.43   97.47
   49.82   98.37
   50.21   99.26
   50.62   100.1
   51.03     101
   51.43   101.9
    51.8   102.8
   52.17   103.7
   52.56   104.6
   52.96   105.5
   53.37   106.4
    53.8   107.3
   54.23   108.2
   54.67     109
   55.11   109.9
    55.6   110.8
   56.09   111.6
   56.58   112.4
   57.08   113.3
   57.57   114.1
   58.06     115
   58.54   115.8
   59.02   116.7
   59.49   117.5
   59.98   118.4
   60.48   119.2
   60.98   120.1
   61.49   120.9
      62   121.7
   62.51   122.6
   63.03   123.4
   63.56   124.2
   64.09     125
   64.61   125.9
   65.12   126.7
   65.63   127.5
   66.14   128.4
   66.65   129.2
   67.18     130
    67.7   130.9
   68.22   131.7
   68.73   132.5
   69.25   133.3
   69.78   134.2
    70.3     135
   70.79   135.8
   71.29   136.7
   71.76   137.6
   72.21   138.4
   72.65   139.3
   73.06   140.2
   73.48   141.1
   73.93     142
   74.38   142.8
   74.92   143.6
   75.54   144.4
   76.23   145.1
   76.97   145.8
   77.78   146.4
   78.63   146.9
   79.49   147.3
   80.46   147.3
   81.42   147.3
    82.4   147.1
   83.38   146.9
   84.24   146.5
   85.11     146
   85.96   145.6
   86.87   145.1
   87.79   144.8
   88.75   144.5
   89.73   144.2
    90.7   144.2
   91.68   144.1
   92.64     144
   93.61   143.8
   94.57   143.7
   95.53   143.6
    96.5   143.5
   97.47   143.3
   98.44   143.2
   99.39     143
   100.3   142.8
   101.3   142.7
   102.3   142.6
   103.3   142.4
   104.2   142.2
   105.2     142
   106.1   141.8
   107.1   141.5
     108   141.3
     109   141.1
   109.9   140.9
   110.9   140.7
   111.8   140.4
   112.8   140.2
   113.7     140
   114.7   139.7
   115.6   139.4
   116.6   139.2
   117.5   138.9
   118.4   138.7
   119.4   138.5
   120.4   138.3
   121.3   138.1
   122.3   137.8
   123.2   137.7
   124.2   137.6
   125.2   137.6
   126.1   137.5
   127.1   137.3
   128.1   137.3
   129.1   137.2
     130   137.1
     131     137
     132   136.8
   132.9   136.6
   133.9   136.4
   134.8   136.2
   135.8   135.9
   136.7   135.6
   137.6   135.3
   138.5     135
   139.4   134.6
   140.3   134.2
   141.2   133.9
   142.1   133.5
     143   133.1
   143.9   132.7
   144.8   132.3
   145.7   131.9
   146.6   131.4
   147.4     131
   148.3   130.6
   149.2   130.2
   150.1   129.8
     151   129.5
   151.9   129.1
   152.8   128.7
   153.7   128.3
   154.6     128
   155.5   127.7
   156.5   127.3
   157.4     127
   158.3   126.6
   159.2   126.2
   160.1   125.9
     161   125.5
   161.9   125.2
   162.9   124.9
   163.8   124.6
   164.7   124.3
   165.6     124
   166.6   123.7
   167.5   123.4
   168.5   123.1
   169.4   122.9
   170.3   122.6
   171.3   122.3
   172.2     122
   173.1   121.8
   174.1   121.5
     175   121.3
     176     121
   176.9   120.8
   177.9   120.6
   178.9   120.4
   179.8   120.2
   180.8     120
   181.7   119.8
   182.7   119.6
   183.6   119.4
   184.6   119.3
   185.6   119.2
   186.5   118.9
   187.5   118.7
   188.4   118.6
   189.4   118.5
   190.4   118.4
   191.4   118.3
   192.4   118.2
   193.3   118.1
   194.3     118
   195.3   117.9
   196.3   117.9
   197.3   117.7
   198.2   117.6
   199.2   117.6
   200.2   117.6
   201.2   117.6
   202.1   117.4
   203.1   117.3
   204.1   117.5
