       0       0    5478
       1 0.001429    5474
       2 0.002857    5469
       3 0.004286    5464
       4 0.005714    5457
       5 0.007143    5449
       6 0.008571    5439
       7    0.01    5428
       8 0.01143    5417
       9 0.01286    5404
      10 0.01429    5390
      11 0.01571    5375
      12 0.01714    5358
      13 0.01857    5341
      14    0.02    5322
      15 0.02143    5302
      16 0.02286    5280
      17 0.02429    5258
      18 0.02571    5235
      19 0.02714    5212
      20 0.02857    5188
      21    0.03    5163
      22 0.03143    5139
      23 0.03286    5115
      24 0.03429    5091
      25 0.03571    5067
      26 0.03714    5044
      27 0.03857    5022
      28    0.04    5000
      29 0.04143    4980
      30 0.04286    4960
      31 0.04429    4943
      32 0.04571    4926
      33 0.04714    4911
      34 0.04857    4897
      35    0.05    4885
      36 0.05143    4875
      37 0.05286    4866
      38 0.05429    4859
      39 0.05571    4853
      40 0.05714    4849
      41 0.05857    4845
      42    0.06    4843
      43 0.06143    4842
      44 0.06286    4842
      45 0.06429    4842
      46 0.06571    4842
      47 0.06714    4843
      48 0.06857    4843
      49    0.07    4843
      50 0.07143    4842
      51 0.07286    4840
      52 0.07429    4838
      53 0.07571    4833
      54 0.07714    4828
      55 0.07857    4821
      56    0.08    4813
      57 0.08143    4802
      58 0.08286    4791
      59 0.08429    4777
      60 0.08571    4762
      61 0.08714    4746
      62 0.08857    4729
      63    0.09    4710
      64 0.09143    4691
      65 0.09286    4671
      66 0.09429    4650
      67 0.09571    4629
      68 0.09714    4608
      69 0.09857    4586
      70     0.1    4564
      71  0.1014    4543
      72  0.1029    4522
      73  0.1043    4501
      74  0.1057    4481
      75  0.1071    4461
      76  0.1086    4442
      77    0.11    4424
      78  0.1114    4406
      79  0.1129    4389
      80  0.1143    4374
      81  0.1157    4358
      82  0.1171    4344
      83  0.1186    4331
      84    0.12    4319
      85  0.1214    4307
      86  0.1229    4297
      87  0.1243    4288
      88  0.1257    4280
      89  0.1271    4274
      90  0.1286    4269
      91    0.13    4266
      92  0.1314    4264
      93  0.1329    4265
      94  0.1343    4267
      95  0.1357    4272
      96  0.1371    4279
      97  0.1386    4289
      98    0.14    4302
      99  0.1414    4318
     100  0.1429    4337
     101  0.1443    4360
     102  0.1457    4387
     103  0.1471    4419
     104  0.1486    4455
     105    0.15    4497
     106  0.1514    4544
     107  0.1529    4597
     108  0.1543    4656
     109  0.1557    4721
     110  0.1571    4794
     111  0.1586    4873
     112    0.16    4959
     113  0.1614    5053
     114  0.1629    5155
     115  0.1643    5264
     116  0.1657    5381
     117  0.1671    5506
     118  0.1686    5638
     119    0.17    5778
     120  0.1714    5924
     121  0.1729    6077
     122  0.1743    6236
     123  0.1757    6400
     124  0.1771    6568
     125  0.1786    6739
     126    0.18    6913
     127  0.1814    7089
     128  0.1829    7265
     129  0.1843    7441
     130  0.1857    7614
     131  0.1871    7785
     132  0.1886    7952
     133    0.19    8113
     134  0.1914    8269
     135  0.1929    8417
     136  0.1943    8557
     137  0.1957    8688
     138  0.1971    8810
     139  0.1986    8921
     140     0.2    9022
     141  0.2014    9111
     142  0.2029    9190
     143  0.2043    9257
     144  0.2057    9313
     145  0.2071    9358
     146  0.2086    9391
     147    0.21    9414
     148  0.2114    9427
     149  0.2129    9430
     150  0.2143    9423
     151  0.2157    9408
     152  0.2171    9386
     153  0.2186    9356
     154    0.22    9320
     155  0.2214    9278
     156  0.2229    9231
     157  0.2243    9180
     158  0.2257    9125
     159  0.2271    9068
     160  0.2286    9008
     161    0.23    8946
     162  0.2314    8883
     163  0.2329    8820
     164  0.2343    8756
     165  0.2357    8692
     166  0.2371    8629
     167  0.2386    8566
     168    0.24    8504
     169  0.2414    8443
     170  0.2429    8384
     171  0.2443    8326
     172  0.2457    8269
     173  0.2471    8214
     174  0.2486    8161
     175    0.25    8110
     176  0.2514    8060
     177  0.2529    8013
     178  0.2543    7967
     179  0.2557    7923
     180  0.2571    7881
     181  0.2586    7841
     182    0.26    7802
     183  0.2614    7766
     184  0.2629    7731
     185  0.2643    7697
     186  0.2657    7665
     187  0.2671    7635
     188  0.2686    7606
     189    0.27    7578
     190  0.2714    7551
     191  0.2729    7526
     192  0.2743    7501
     193  0.2757    7478
     194  0.2771    7455
     195  0.2786    7432
     196    0.28    7410
     197  0.2814    7388
     198  0.2829    7366
     199  0.2843    7344
     200  0.2857    7322
     201  0.2871    7299
     202  0.2886    7276
     203    0.29    7253
     204  0.2914    7229
     205  0.2929    7204
     206  0.2943    7178
     207  0.2957    7151
     208  0.2971    7123
     209  0.2986    7094
     210     0.3    7064
     211  0.3014    7031
     212  0.3029    6998
     213  0.3043    6963
     214  0.3057    6926
     215  0.3071    6888
     216  0.3086    6848
     217    0.31    6806
     218  0.3114    6764
     219  0.3129    6719
     220  0.3143    6674
     221  0.3157    6627
     222  0.3171    6579
     223  0.3186    6531
     224    0.32    6481
     225  0.3214    6431
     226  0.3229    6380
     227  0.3243    6329
     228  0.3257    6278
     229  0.3271    6226
     230  0.3286    6175
     231    0.33    6125
     232  0.3314    6075
     233  0.3329    6026
     234  0.3343    5978
     235  0.3357    5932
     236  0.3371    5887
     237  0.3386    5843
     238    0.34    5801
     239  0.3414    5760
     240  0.3429    5722
     241  0.3443    5685
     242  0.3457    5650
     243  0.3471    5618
     244  0.3486    5588
     245    0.35    5560
     246  0.3514    5534
     247  0.3529    5511
     248  0.3543    5491
     249  0.3557    5473
     250  0.3571    5457
     251  0.3586    5444
     252    0.36    5434
     253  0.3614    5426
     254  0.3629    5421
     255  0.3643    5418
     256  0.3657    5417
     257  0.3671    5418
     258  0.3686    5422
     259    0.37    5427
     260  0.3714    5434
     261  0.3729    5442
     262  0.3743    5451
     263  0.3757    5461
     264  0.3771    5472
     265  0.3786    5483
     266    0.38    5495
     267  0.3814    5506
     268  0.3829    5516
     269  0.3843    5526
     270  0.3857    5534
     271  0.3871    5541
     272  0.3886    5547
     273    0.39    5550
     274  0.3914    5552
     275  0.3929    5551
     276  0.3943    5548
     277  0.3957    5543
     278  0.3971    5535
     279  0.3986    5525
     280     0.4    5513
     281  0.4014    5498
     282  0.4029    5481
     283  0.4043    5462
     284  0.4057    5441
     285  0.4071    5418
     286  0.4086    5393
     287    0.41    5367
     288  0.4114    5339
     289  0.4129    5310
     290  0.4143    5280
     291  0.4157    5250
     292  0.4171    5219
     293  0.4186    5188
     294    0.42    5157
     295  0.4214    5127
     296  0.4229    5097
     297  0.4243    5068
     298  0.4257    5040
     299  0.4271    5013
     300  0.4286    4987
     301    0.43    4963
     302  0.4314    4939
     303  0.4329    4917
     304  0.4343    4896
     305  0.4357    4875
     306  0.4371    4856
     307  0.4386    4838
     308    0.44    4821
     309  0.4414    4805
     310  0.4429    4789
     311  0.4443    4774
     312  0.4457    4759
     313  0.4471    4745
     314  0.4486    4730
     315    0.45    4716
     316  0.4514    4701
     317  0.4529    4686
     318  0.4543    4671
     319  0.4557    4654
     320  0.4571    4638
     321  0.4586    4621
     322    0.46    4603
     323  0.4614    4585
     324  0.4629    4566
     325  0.4643    4547
     326  0.4657    4527
     327  0.4671    4507
     328  0.4686    4487
     329    0.47    4466
     330  0.4714    4446
     331  0.4729    4425
     332  0.4743    4405
     333  0.4757    4385
     334  0.4771    4366
     335  0.4786    4347
     336    0.48    4329
     337  0.4814    4311
     338  0.4829    4295
     339  0.4843    4279
     340  0.4857    4264
     341  0.4871    4250
     342  0.4886    4238
     343    0.49    4226
     344  0.4914    4216
     345  0.4929    4208
     346  0.4943    4200
     347  0.4957    4194
     348  0.4971    4190
     349  0.4986    4186
     350     0.5    4185
     351  0.5014    4184
     352  0.5029    4186
     353  0.5043    4188
     354  0.5057    4192
     355  0.5071    4197
     356  0.5086    4204
     357    0.51    4211
     358  0.5114    4220
     359  0.5129    4230
     360  0.5143    4241
     361  0.5157    4252
     362  0.5171    4264
     363  0.5186    4277
     364    0.52    4291
     365  0.5214    4304
     366  0.5229    4319
     367  0.5243    4333
     368  0.5257    4348
     369  0.5271    4362
     370  0.5286    4377
     371    0.53    4392
     372  0.5314    4408
     373  0.5329    4423
     374  0.5343    4440
     375  0.5357    4456
     376  0.5371    4474
     377  0.5386    4492
     378    0.54    4511
     379  0.5414    4532
     380  0.5429    4555
     381  0.5443    4579
     382  0.5457    4607
     383  0.5471    4637
     384  0.5486    4671
     385    0.55    4707
     386  0.5514    4749
     387  0.5529    4794
     388  0.5543    4846
     389  0.5557    4902
     390  0.5571    4964
     391  0.5586    5033
     392    0.56    5108
     393  0.5614    5189
     394  0.5629    5279
     395  0.5643    5374
     396  0.5657    5477
     397  0.5671    5587
     398  0.5686    5704
     399    0.57    5827
     400  0.5714    5957
     401  0.5729    6092
     402  0.5743    6233
     403  0.5757    6378
     404  0.5771    6527
     405  0.5786    6678
     406    0.58    6833
     407  0.5814    6988
     408  0.5829    7144
     409  0.5843    7299
     410  0.5857    7452
     411  0.5871    7603
     412  0.5886    7751
     413    0.59    7894
     414  0.5914    8032
     415  0.5929    8164
     416  0.5943    8289
     417  0.5957    8407
     418  0.5971    8517
     419  0.5986    8618
     420     0.6    8711
     421  0.6014    8795
     422  0.6029    8871
     423  0.6043    8936
     424  0.6057    8994
     425  0.6071    9042
     426  0.6086    9081
     427    0.61    9112
     428  0.6114    9135
     429  0.6129    9151
     430  0.6143    9160
     431  0.6157    9161
     432  0.6171    9157
     433  0.6186    9145
     434    0.62    9129
     435  0.6214    9108
     436  0.6229    9082
     437  0.6243    9052
     438  0.6257    9018
     439  0.6271    8981
     440  0.6286    8942
     441    0.63    8900
     442  0.6314    8856
     443  0.6329    8811
     444  0.6343    8764
     445  0.6357    8716
     446  0.6371    8667
     447  0.6386    8618
     448    0.64    8569
     449  0.6414    8520
     450  0.6429    8470
     451  0.6443    8421
     452  0.6457    8371
     453  0.6471    8322
     454  0.6486    8274
     455    0.65    8225
     456  0.6514    8177
     457  0.6529    8130
     458  0.6543    8082
     459  0.6557    8035
     460  0.6571    7988
     461  0.6586    7942
     462    0.66    7896
     463  0.6614    7850
     464  0.6629    7804
     465  0.6643    7758
     466  0.6657    7713
     467  0.6671    7667
     468  0.6686    7622
     469    0.67    7577
     470  0.6714    7532
     471  0.6729    7487
     472  0.6743    7442
     473  0.6757    7398
     474  0.6771    7354
     475  0.6786    7311
     476    0.68    7268
     477  0.6814    7226
     478  0.6829    7185
     479  0.6843    7145
     480  0.6857    7106
     481  0.6871    7068
     482  0.6886    7032
     483    0.69    6996
     484  0.6914    6962
     485  0.6929    6929
     486  0.6943    6898
     487  0.6957    6867
     488  0.6971    6838
     489  0.6986    6810
     490     0.7    6783
     491  0.7014    6756
     492  0.7029    6731
     493  0.7043    6706
     494  0.7057    6681
     495  0.7071    6657
     496  0.7086    6633
     497    0.71    6609
     498  0.7114    6584
     499  0.7129    6560
     500  0.7143    6535
     501  0.7157    6509
     502  0.7171    6483
     503  0.7186    6456
     504    0.72    6429
     505  0.7214    6401
     506  0.7229    6372
     507  0.7243    6342
     508  0.7257    6312
     509  0.7271    6281
     510  0.7286    6249
     511    0.73    6217
     512  0.7314    6185
     513  0.7329    6151
     514  0.7343    6118
     515  0.7357    6085
     516  0.7371    6051
     517  0.7386    6018
     518    0.74    5985
     519  0.7414    5952
     520  0.7429    5919
     521  0.7443    5887
     522  0.7457    5855
     523  0.7471    5824
     524  0.7486    5793
     525    0.75    5763
     526  0.7514    5734
     527  0.7529    5705
     528  0.7543    5677
     529  0.7557    5649
     530  0.7571    5623
     531  0.7586    5597
     532    0.76    5572
     533  0.7614    5547
     534  0.7629    5524
     535  0.7643    5501
     536  0.7657    5479
     537  0.7671    5458
     538  0.7686    5437
     539    0.77    5418
     540  0.7714    5398
     541  0.7729    5380
     542  0.7743    5362
     543  0.7757    5345
     544  0.7771    5328
     545  0.7786    5312
     546    0.78    5297
     547  0.7814    5282
     548  0.7829    5267
     549  0.7843    5253
     550  0.7857    5239
     551  0.7871    5226
     552  0.7886    5213
     553    0.79    5200
     554  0.7914    5188
     555  0.7929    5175
     556  0.7943    5163
     557  0.7957    5150
     558  0.7971    5138
     559  0.7986    5126
     560     0.8    5113
     561  0.8014    5100
     562  0.8029    5088
     563  0.8043    5075
     564  0.8057    5061
     565  0.8071    5048
     566  0.8086    5034
     567    0.81    5020
     568  0.8114    5006
     569  0.8129    4991
     570  0.8143    4976
     571  0.8157    4961
     572  0.8171    4945
     573  0.8186    4929
     574    0.82    4913
     575  0.8214    4897
     576  0.8229    4880
     577  0.8243    4864
     578  0.8257    4848
     579  0.8271    4831
     580  0.8286    4815
     581    0.83    4800
     582  0.8314    4784
     583  0.8329    4769
     584  0.8343    4754
     585  0.8357    4740
     586  0.8371    4727
     587  0.8386    4714
     588    0.84    4702
     589  0.8414    4691
     590  0.8429    4680
     591  0.8443    4671
     592  0.8457    4662
     593  0.8471    4655
     594  0.8486    4649
     595    0.85    4644
     596  0.8514    4639
     597  0.8529    4637
     598  0.8543    4635
     599  0.8557    4634
     600  0.8571    4635
     601  0.8586    4636
     602    0.86    4639
     603  0.8614    4642
     604  0.8629    4646
     605  0.8643    4651
     606  0.8657    4657
     607  0.8671    4662
     608  0.8686    4668
     609    0.87    4674
     610  0.8714    4680
     611  0.8729    4686
     612  0.8743    4691
     613  0.8757    4695
     614  0.8771    4698
     615  0.8786    4700
     616    0.88    4701
     617  0.8814    4701
     618  0.8829    4698
     619  0.8843    4694
     620  0.8857    4689
     621  0.8871    4681
     622  0.8886    4671
     623    0.89    4659
     624  0.8914    4645
     625  0.8929    4630
     626  0.8943    4612
     627  0.8957    4593
     628  0.8971    4572
     629  0.8986    4550
     630     0.9    4527
     631  0.9014    4502
     632  0.9029    4478
     633  0.9043    4452
     634  0.9057    4427
     635  0.9071    4402
     636  0.9086    4377
     637    0.91    4352
     638  0.9114    4328
     639  0.9129    4306
     640  0.9143    4284
     641  0.9157    4264
     642  0.9171    4246
     643  0.9186    4229
     644    0.92    4214
     645  0.9214    4201
     646  0.9229    4191
     647  0.9243    4183
     648  0.9257    4177
     649  0.9271    4174
     650  0.9286    4173
     651    0.93    4175
     652  0.9314    4180
     653  0.9329    4188
     654  0.9343    4198
     655  0.9357    4213
     656  0.9371    4231
     657  0.9386    4252
     658    0.94    4278
     659  0.9414    4308
     660  0.9429    4343
     661  0.9443    4383
     662  0.9457    4427
     663  0.9471    4478
     664  0.9486    4535
     665    0.95    4598
     666  0.9514    4667
     667  0.9529    4744
     668  0.9543    4828
     669  0.9557    4920
     670  0.9571    5020
     671  0.9586    5128
     672    0.96    5243
     673  0.9614    5367
     674  0.9629    5498
     675  0.9643    5637
     676  0.9657    5783
     677  0.9671    5935
     678  0.9686    6093
     679    0.97    6257
     680  0.9714    6424
     681  0.9729    6594
     682  0.9743    6766
     683  0.9757    6939
     684  0.9771    7111
     685  0.9786    7282
     686    0.98    7448
     687  0.9814    7611
     688  0.9829    7768
     689  0.9843    7918
     690  0.9857    8060
     691  0.9871    8193
     692  0.9886    8317
     693    0.99    8431
     694  0.9914    8534
     695  0.9929    8627
     696  0.9943    8708
     697  0.9957    8779
     698  0.9971    8838
     699  0.9986    8887
     700       1    8925
     701   1.001    8954
     702   1.003    8975
     703   1.004    8987
     704   1.006    8992
     705   1.007    8991
     706   1.009    8984
     707    1.01    8971
     708   1.011    8955
     709   1.013    8935
     710   1.014    8912
     711   1.016    8887
     712   1.017    8860
     713   1.019    8831
     714    1.02    8802
     715   1.021    8771
     716   1.023    8740
     717   1.024    8708
     718   1.026    8676
     719   1.027    8644
     720   1.029    8611
     721    1.03    8579
     722   1.031    8546
     723   1.033    8513
     724   1.034    8479
     725   1.036    8446
     726   1.037    8413
     727   1.039    8379
     728    1.04    8345
     729   1.041    8310
     730   1.043    8275
     731   1.044    8240
     732   1.046    8205
     733   1.047    8169
     734   1.049    8134
     735    1.05    8097
     736   1.051    8060
     737   1.053    8023
     738   1.054    7985
     739   1.056    7946
     740   1.057    7907
     741   1.059    7867
     742    1.06    7826
     743   1.061    7784
     744   1.063    7742
     745   1.064    7700
     746   1.066    7657
     747   1.067    7613
     748   1.069    7569
     749    1.07    7525
     750   1.071    7481
     751   1.073    7437
     752   1.074    7392
     753   1.076    7348
     754   1.077    7304
     755   1.079    7261
     756    1.08    7218
     757   1.081    7176
     758   1.083    7135
     759   1.084    7095
     760   1.086    7056
     761   1.087    7018
     762   1.089    6982
     763    1.09    6947
     764   1.091    6913
     765   1.093    6882
     766   1.094    6851
     767   1.096    6822
     768   1.097    6795
     769   1.099    6769
     770     1.1    6744
     771   1.101    6721
     772   1.103    6698
     773   1.104    6677
     774   1.106    6657
     775   1.107    6637
     776   1.109    6618
     777    1.11    6600
     778   1.111    6582
     779   1.113    6564
     780   1.114    6546
     781   1.116    6528
     782   1.117    6510
     783   1.119    6491
     784    1.12    6472
     785   1.121    6452
     786   1.123    6431
     787   1.124    6410
     788   1.126    6388
     789   1.127    6365
     790   1.129    6341
     791    1.13    6316
     792   1.131    6290
     793   1.133    6264
     794   1.134    6237
     795   1.136    6210
     796   1.137    6182
     797   1.139    6154
     798    1.14    6125
     799   1.141    6096
     800   1.143    6067
     801   1.144    6039
     802   1.146    6010
     803   1.147    5981
     804   1.149    5952
     805    1.15    5924
     806   1.151    5896
     807   1.153    5868
     808   1.154    5840
     809   1.156    5812
     810   1.157    5785
     811   1.159    5758
     812    1.16    5730
     813   1.161    5703
     814   1.163    5675
     815   1.164    5648
     816   1.166    5620
     817   1.167    5592
     818   1.169    5563
     819    1.17    5534
     820   1.171    5505
     821   1.173    5475
     822   1.174    5445
     823   1.176    5414
     824   1.177    5382
     825   1.179    5351
     826    1.18    5318
     827   1.181    5286
     828   1.183    5253
     829   1.184    5220
     830   1.186    5187
     831   1.187    5154
     832   1.189    5121
     833    1.19    5089
     834   1.191    5056
     835   1.193    5025
     836   1.194    4994
     837   1.196    4963
     838   1.197    4933
     839   1.199    4905
     840     1.2    4876
     841   1.201    4849
     842   1.203    4823
     843   1.204    4798
     844   1.206    4774
     845   1.207    4751
     846   1.209    4728
     847    1.21    4707
     848   1.211    4686
     849   1.213    4667
     850   1.214    4648
     851   1.216    4629
     852   1.217    4612
     853   1.219    4595
     854    1.22    4579
     855   1.221    4563
     856   1.223    4548
     857   1.224    4534
     858   1.226    4520
     859   1.227    4508
     860   1.229    4495
     861    1.23    4484
     862   1.231    4474
     863   1.233    4465
     864   1.234    4456
     865   1.236    4450
     866   1.237    4444
     867   1.239    4440
     868    1.24    4437
     869   1.241    4436
     870   1.243    4435
     871   1.244    4437
     872   1.246    4440
     873   1.247    4445
     874   1.249    4450
     875    1.25    4457
     876   1.251    4465
     877   1.253    4474
     878   1.254    4483
     879   1.256    4493
     880   1.257    4503
     881   1.259    4514
     882    1.26    4524
     883   1.261    4534
     884   1.263    4543
     885   1.264    4551
     886   1.266    4558
     887   1.267    4564
     888   1.269    4568
     889    1.27    4570
     890   1.271    4570
     891   1.273    4568
     892   1.274    4564
     893   1.276    4557
     894   1.277    4548
     895   1.279    4537
     896    1.28    4523
     897   1.281    4508
     898   1.283    4490
     899   1.284    4470
     900   1.286    4449
     901   1.287    4426
     902   1.289    4402
     903    1.29    4376
     904   1.291    4350
     905   1.293    4323
     906   1.294    4296
     907   1.296    4269
     908   1.297    4243
     909   1.299    4217
     910     1.3    4193
     911   1.301    4171
     912   1.303    4151
     913   1.304    4133
     914   1.306    4118
     915   1.307    4107
     916   1.309    4099
     917    1.31    4095
     918   1.311    4095
     919   1.313    4099
     920   1.314    4109
     921   1.316    4124
     922   1.317    4145
     923   1.319    4172
     924    1.32    4205
     925   1.321    4245
     926   1.323    4291
     927   1.324    4345
     928   1.326    4406
     929   1.327    4476
     930   1.329    4552
     931    1.33    4637
     932   1.331    4730
     933   1.333    4832
     934   1.334    4942
     935   1.336    5060
     936   1.337    5186
     937   1.339    5321
     938    1.34    5463
     939   1.341    5613
     940   1.343    5769
     941   1.344    5932
     942   1.346    6100
     943   1.347    6273
     944   1.349    6450
     945    1.35    6630
     946   1.351    6812
     947   1.353    6995
     948   1.354    7178
     949   1.356    7359
     950   1.357    7539
     951   1.359    7715
     952    1.36    7887
     953   1.361    8054
     954   1.363    8214
     955   1.364    8368
     956   1.366    8513
     957   1.367    8650
     958   1.369    8778
     959    1.37    8895
     960   1.371    9004
     961   1.373    9103
     962   1.374    9191
     963   1.376    9269
     964   1.377    9337
     965   1.379    9395
     966    1.38    9443
     967   1.381    9483
     968   1.383    9513
     969   1.384    9535
     970   1.386    9549
     971   1.387    9556
     972   1.389    9555
     973    1.39    9547
     974   1.391    9533
     975   1.393    9513
     976   1.394    9488
     977   1.396    9457
     978   1.397    9421
     979   1.399    9381
     980     1.4    9336
     981   1.401    9288
     982   1.403    9235
     983   1.404    9180
     984   1.406    9121
     985   1.407    9059
     986   1.409    8995
     987    1.41    8928
     988   1.411    8859
     989   1.413    8789
     990   1.414    8716
     991   1.416    8643
     992   1.417    8568
     993   1.419    8493
     994    1.42    8417
     995   1.421    8341
     996   1.423    8265
     997   1.424    8191
     998   1.426    8116
     999   1.427    8043
    1000   1.429    7971
    1001    1.43    7900
    1002   1.431    7831
    1003   1.433    7764
    1004   1.434    7698
    1005   1.436    7634
    1006   1.437    7572
    1007   1.439    7513
    1008    1.44    7455
    1009   1.441    7400
    1010   1.443    7346
    1011   1.444    7296
    1012   1.446    7246
    1013   1.447    7200
    1014   1.449    7155
    1015    1.45    7113
    1016   1.451    7072
    1017   1.453    7033
    1018   1.454    6996
    1019   1.456    6961
    1020   1.457    6928
    1021   1.459    6897
    1022    1.46    6867
    1023   1.461    6839
    1024   1.463    6813
    1025   1.464    6788
    1026   1.466    6765
    1027   1.467    6744
    1028   1.469    6724
    1029    1.47    6706
    1030   1.471    6689
    1031   1.473    6674
    1032   1.474    6660
    1033   1.476    6646
    1034   1.477    6634
    1035   1.479    6623
    1036    1.48    6612
    1037   1.481    6602
    1038   1.483    6592
    1039   1.484    6582
    1040   1.486    6572
    1041   1.487    6562
    1042   1.489    6552
    1043    1.49    6541
    1044   1.491    6529
    1045   1.493    6516
    1046   1.494    6502
    1047   1.496    6487
    1048   1.497    6470
    1049   1.499    6451
    1050     1.5    6432
    1051   1.501    6410
    1052   1.503    6387
    1053   1.504    6362
    1054   1.506    6336
    1055   1.507    6308
    1056   1.509    6280
    1057    1.51    6250
    1058   1.511    6220
    1059   1.513    6189
    1060   1.514    6157
    1061   1.516    6125
    1062   1.517    6093
    1063   1.519    6061
    1064    1.52    6029
    1065   1.521    5997
    1066   1.523    5966
    1067   1.524    5936
    1068   1.526    5906
    1069   1.527    5877
    1070   1.529    5849
    1071    1.53    5821
    1072   1.531    5795
    1073   1.533    5769
    1074   1.534    5744
    1075   1.536    5719
    1076   1.537    5695
    1077   1.539    5671
    1078    1.54    5648
    1079   1.541    5624
    1080   1.543    5601
    1081   1.544    5577
    1082   1.546    5553
    1083   1.547    5529
    1084   1.549    5505
    1085    1.55    5480
    1086   1.551    5454
    1087   1.553    5428
    1088   1.554    5402
    1089   1.556    5375
    1090   1.557    5348
    1091   1.559    5321
    1092    1.56    5293
    1093   1.561    5265
    1094   1.563    5237
    1095   1.564    5208
    1096   1.566    5180
    1097   1.567    5151
    1098   1.569    5123
    1099    1.57    5095
    1100   1.571    5067
    1101   1.573    5040
    1102   1.574    5013
    1103   1.576    4988
    1104   1.577    4963
    1105   1.579    4939
    1106    1.58    4917
    1107   1.581    4896
    1108   1.583    4876
    1109   1.584    4858
    1110   1.586    4841
    1111   1.587    4825
    1112   1.589    4811
    1113    1.59    4798
    1114   1.591    4786
    1115   1.593    4776
    1116   1.594    4766
    1117   1.596    4758
    1118   1.597    4750
    1119   1.599    4743
    1120     1.6    4737
    1121   1.601    4731
    1122   1.603    4725
    1123   1.604    4718
    1124   1.606    4711
    1125   1.607    4704
    1126   1.609    4695
    1127    1.61    4686
    1128   1.611    4675
    1129   1.613    4663
    1130   1.614    4649
    1131   1.616    4634
    1132   1.617    4618
    1133   1.619    4600
    1134    1.62    4580
    1135   1.621    4560
    1136   1.623    4538
    1137   1.624    4515
    1138   1.626    4491
    1139   1.627    4467
    1140   1.629    4442
    1141    1.63    4418
    1142   1.631    4393
    1143   1.633    4368
    1144   1.634    4343
    1145   1.636    4319
    1146   1.637    4296
    1147   1.639    4274
    1148    1.64    4253
    1149   1.641    4233
    1150   1.643    4215
    1151   1.644    4198
    1152   1.646    4182
    1153   1.647    4168
    1154   1.649    4156
    1155    1.65    4144
    1156   1.651    4135
    1157   1.653    4126
    1158   1.654    4119
    1159   1.656    4112
    1160   1.657    4107
    1161   1.659    4103
    1162    1.66    4099
    1163   1.661    4096
    1164   1.663    4094
    1165   1.664    4092
    1166   1.666    4090
    1167   1.667    4089
    1168   1.669    4088
    1169    1.67    4087
    1170   1.671    4086
    1171   1.673    4085
    1172   1.674    4083
    1173   1.676    4081
    1174   1.677    4078
    1175   1.679    4074
    1176    1.68    4070
    1177   1.681    4066
    1178   1.683    4060
    1179   1.684    4054
    1180   1.686    4047
    1181   1.687    4039
    1182   1.689    4030
    1183    1.69    4021
    1184   1.691    4010
    1185   1.693    3999
    1186   1.694    3987
    1187   1.696    3974
    1188   1.697    3960
    1189   1.699    3945
    1190     1.7    3930
    1191   1.701    3914
    1192   1.703    3898
    1193   1.704    3882
    1194   1.706    3865
    1195   1.707    3848
    1196   1.709    3832
    1197    1.71    3816
    1198   1.711    3801
    1199   1.713    3787
    1200   1.714    3774
    1201   1.716    3763
    1202   1.717    3754
    1203   1.719    3746
    1204    1.72    3741
    1205   1.721    3739
    1206   1.723    3740
    1207   1.724    3744
    1208   1.726    3753
    1209   1.727    3765
    1210   1.729    3782
    1211    1.73    3804
    1212   1.731    3832
    1213   1.733    3865
    1214   1.734    3904
    1215   1.736    3949
    1216   1.737    4002
    1217   1.739    4062
    1218    1.74    4129
    1219   1.741    4204
    1220   1.743    4287
    1221   1.744    4379
    1222   1.746    4479
    1223   1.747    4588
    1224   1.749    4707
    1225    1.75    4834
    1226   1.751    4971
    1227   1.753    5117
    1228   1.754    5271
    1229   1.756    5433
    1230   1.757    5604
    1231   1.759    5782
    1232    1.76    5966
    1233   1.761    6155
    1234   1.763    6350
    1235   1.764    6547
    1236   1.766    6747
    1237   1.767    6947
    1238   1.769    7146
    1239    1.77    7343
    1240   1.771    7536
    1241   1.773    7723
    1242   1.774    7903
    1243   1.776    8075
    1244   1.777    8237
    1245   1.779    8387
    1246    1.78    8526
    1247   1.781    8652
    1248   1.783    8763
    1249   1.784    8861
    1250   1.786    8944
    1251   1.787    9011
    1252   1.789    9065
    1253    1.79    9103
    1254   1.791    9128
    1255   1.793    9138
    1256   1.794    9136
    1257   1.796    9121
    1258   1.797    9096
    1259   1.799    9061
    1260     1.8    9016
    1261   1.801    8964
    1262   1.803    8905
    1263   1.804    8839
    1264   1.806    8769
    1265   1.807    8695
    1266   1.809    8618
    1267    1.81    8539
    1268   1.811    8459
    1269   1.813    8378
    1270   1.814    8297
    1271   1.816    8216
    1272   1.817    8137
    1273   1.819    8058
    1274    1.82    7981
    1275   1.821    7906
    1276   1.823    7834
    1277   1.824    7763
    1278   1.826    7694
    1279   1.827    7628
    1280   1.829    7564
    1281    1.83    7503
    1282   1.831    7443
    1283   1.833    7387
    1284   1.834    7332
    1285   1.836    7280
    1286   1.837    7230
    1287   1.839    7183
    1288    1.84    7137
    1289   1.841    7094
    1290   1.843    7053
    1291   1.844    7014
    1292   1.846    6978
    1293   1.847    6942
    1294   1.849    6909
    1295    1.85    6878
    1296   1.851    6848
    1297   1.853    6820
    1298   1.854    6793
    1299   1.856    6768
    1300   1.857    6743
    1301   1.859    6720
    1302    1.86    6699
    1303   1.861    6678
    1304   1.863    6658
    1305   1.864    6639
    1306   1.866    6620
    1307   1.867    6603
    1308   1.869    6585
    1309    1.87    6567
    1310   1.871    6550
    1311   1.873    6532
    1312   1.874    6514
    1313   1.876    6496
    1314   1.877    6477
    1315   1.879    6458
    1316    1.88    6438
    1317   1.881    6417
    1318   1.883    6396
    1319   1.884    6374
    1320   1.886    6351
    1321   1.887    6328
    1322   1.889    6304
    1323    1.89    6280
    1324   1.891    6255
    1325   1.893    6230
    1326   1.894    6205
    1327   1.896    6180
    1328   1.897    6156
    1329   1.899    6131
    1330     1.9    6107
    1331   1.901    6084
    1332   1.903    6061
    1333   1.904    6039
    1334   1.906    6018
    1335   1.907    5998
    1336   1.909    5978
    1337    1.91    5959
    1338   1.911    5940
    1339   1.913    5923
    1340   1.914    5906
    1341   1.916    5890
    1342   1.917    5874
    1343   1.919    5858
    1344    1.92    5843
    1345   1.921    5829
    1346   1.923    5814
    1347   1.924    5800
    1348   1.926    5786
    1349   1.927    5772
    1350   1.929    5758
    1351    1.93    5743
    1352   1.931    5729
    1353   1.933    5714
    1354   1.934    5700
    1355   1.936    5685
    1356   1.937    5669
    1357   1.939    5654
    1358    1.94    5638
    1359   1.941    5622
    1360   1.943    5606
    1361   1.944    5589
    1362   1.946    5573
    1363   1.947    5555
    1364   1.949    5538
    1365    1.95    5520
    1366   1.951    5502
    1367   1.953    5484
    1368   1.954    5465
    1369   1.956    5446
    1370   1.957    5428
    1371   1.959    5408
    1372    1.96    5389
    1373   1.961    5370
    1374   1.963    5351
    1375   1.964    5332
    1376   1.966    5313
    1377   1.967    5295
    1378   1.969    5277
    1379    1.97    5259
    1380   1.971    5242
    1381   1.973    5226
    1382   1.974    5210
    1383   1.976    5195
    1384   1.977    5181
    1385   1.979    5168
    1386    1.98    5156
    1387   1.981    5145
    1388   1.983    5135
    1389   1.984    5127
    1390   1.986    5120
    1391   1.987    5113
    1392   1.989    5108
    1393    1.99    5104
    1394   1.991    5101
    1395   1.993    5098
    1396   1.994    5097
    1397   1.996    5095
    1398   1.997    5094
    1399   1.999    5092
    1400       2    5090
    1401   2.001    5088
    1402   2.003    5084
    1403   2.004    5079
    1404   2.006    5073
    1405   2.007    5065
    1406   2.009    5055
    1407    2.01    5044
    1408   2.011    5030
    1409   2.013    5014
    1410   2.014    4996
    1411   2.016    4976
    1412   2.017    4953
    1413   2.019    4929
    1414    2.02    4902
    1415   2.021    4874
    1416   2.023    4844
    1417   2.024    4813
    1418   2.026    4780
    1419   2.027    4747
    1420   2.029    4712
    1421    2.03    4678
    1422   2.031    4644
    1423   2.033    4611
    1424   2.034    4578
    1425   2.036    4546
    1426   2.037    4515
    1427   2.039    4486
    1428    2.04    4459
    1429   2.041    4433
    1430   2.043    4409
    1431   2.044    4387
    1432   2.046    4366
    1433   2.047    4348
    1434   2.049    4331
    1435    2.05    4316
    1436   2.051    4303
    1437   2.053    4291
    1438   2.054    4281
    1439   2.056    4273
    1440   2.057    4265
    1441   2.059    4259
    1442    2.06    4253
    1443   2.061    4248
    1444   2.063    4244
    1445   2.064    4240
    1446   2.066    4237
    1447   2.067    4233
    1448   2.069    4229
    1449    2.07    4226
    1450   2.071    4222
    1451   2.073    4217
    1452   2.074    4213
    1453   2.076    4208
    1454   2.077    4202
    1455   2.079    4196
    1456    2.08    4190
    1457   2.081    4183
    1458   2.083    4175
    1459   2.084    4167
    1460   2.086    4159
    1461   2.087    4150
    1462   2.089    4141
    1463    2.09    4132
    1464   2.091    4123
    1465   2.093    4113
    1466   2.094    4103
    1467   2.096    4094
    1468   2.097    4084
    1469   2.099    4075
    1470     2.1    4066
    1471   2.101    4056
    1472   2.103    4048
    1473   2.104    4039
    1474   2.106    4030
    1475   2.107    4022
    1476   2.109    4014
    1477    2.11    4007
    1478   2.111    4000
    1479   2.113    3994
    1480   2.114    3988
    1481   2.116    3984
    1482   2.117    3981
    1483   2.119    3979
    1484    2.12    3979
    1485   2.121    3981
    1486   2.123    3985
    1487   2.124    3992
    1488   2.126    4001
    1489   2.127    4013
    1490   2.129    4029
    1491    2.13    4048
    1492   2.131    4071
    1493   2.133    4098
    1494   2.134    4130
    1495   2.136    4167
    1496   2.137    4209
    1497   2.139    4257
    1498    2.14    4311
    1499   2.141    4371
    1500   2.143    4438
    1501   2.144    4512
    1502   2.146    4592
    1503   2.147    4680
    1504   2.149    4776
    1505    2.15    4879
    1506   2.151    4989
    1507   2.153    5107
    1508   2.154    5232
    1509   2.156    5364
    1510   2.157    5503
    1511   2.159    5647
    1512    2.16    5797
    1513   2.161    5952
    1514   2.163    6111
    1515   2.164    6273
    1516   2.166    6437
    1517   2.167    6603
    1518   2.169    6768
    1519    2.17    6933
    1520   2.171    7095
    1521   2.173    7254
    1522   2.174    7409
    1523   2.176    7559
    1524   2.177    7702
    1525   2.179    7837
    1526    2.18    7964
    1527   2.181    8082
    1528   2.183    8191
    1529   2.184    8289
    1530   2.186    8376
    1531   2.187    8452
    1532   2.189    8517
    1533    2.19    8571
    1534   2.191    8614
    1535   2.193    8646
    1536   2.194    8667
    1537   2.196    8679
    1538   2.197    8681
    1539   2.199    8674
    1540     2.2    8660
    1541   2.201    8637
    1542   2.203    8608
    1543   2.204    8573
    1544   2.206    8532
    1545   2.207    8486
    1546   2.209    8437
    1547    2.21    8384
    1548   2.211    8329
    1549   2.213    8272
    1550   2.214    8214
    1551   2.216    8154
    1552   2.217    8095
    1553   2.219    8035
    1554    2.22    7976
    1555   2.221    7917
    1556   2.223    7860
    1557   2.224    7804
    1558   2.226    7749
    1559   2.227    7696
    1560   2.229    7645
    1561    2.23    7596
    1562   2.231    7549
    1563   2.233    7504
    1564   2.234    7460
    1565   2.236    7419
    1566   2.237    7380
    1567   2.239    7343
    1568    2.24    7308
    1569   2.241    7274
    1570   2.243    7242
    1571   2.244    7212
    1572   2.246    7184
    1573   2.247    7157
    1574   2.249    7131
    1575    2.25    7107
    1576   2.251    7084
    1577   2.253    7062
    1578   2.254    7041
    1579   2.256    7020
    1580   2.257    7001
    1581   2.259    6982
    1582    2.26    6963
    1583   2.261    6945
    1584   2.263    6927
    1585   2.264    6909
    1586   2.266    6891
    1587   2.267    6873
    1588   2.269    6854
    1589    2.27    6835
    1590   2.271    6816
    1591   2.273    6795
    1592   2.274    6774
    1593   2.276    6752
    1594   2.277    6729
    1595   2.279    6705
    1596    2.28    6680
    1597   2.281    6654
    1598   2.283    6626
    1599   2.284    6597
    1600   2.286    6567
    1601   2.287    6535
    1602   2.289    6503
    1603    2.29    6469
    1604   2.291    6434
    1605   2.293    6398
    1606   2.294    6361
    1607   2.296    6324
    1608   2.297    6286
    1609   2.299    6247
    1610     2.3    6208
    1611   2.301    6169
    1612   2.303    6130
    1613   2.304    6091
    1614   2.306    6053
    1615   2.307    6016
    1616   2.309    5979
    1617    2.31    5944
    1618   2.311    5911
    1619   2.313    5879
    1620   2.314    5848
    1621   2.316    5820
    1622   2.317    5794
    1623   2.319    5771
    1624    2.32    5750
    1625   2.321    5731
    1626   2.323    5715
    1627   2.324    5701
    1628   2.326    5690
    1629   2.327    5682
    1630   2.329    5677
    1631    2.33    5674
    1632   2.331    5673
    1633   2.333    5675
    1634   2.334    5679
    1635   2.336    5686
    1636   2.337    5694
    1637   2.339    5705
    1638    2.34    5717
    1639   2.341    5731
    1640   2.343    5746
    1641   2.344    5763
    1642   2.346    5780
    1643   2.347    5799
    1644   2.349    5817
    1645    2.35    5836
    1646   2.351    5855
    1647   2.353    5873
    1648   2.354    5891
    1649   2.356    5908
    1650   2.357    5923
    1651   2.359    5937
    1652    2.36    5950
    1653   2.361    5960
    1654   2.363    5969
    1655   2.364    5975
    1656   2.366    5980
    1657   2.367    5981
    1658   2.369    5981
    1659    2.37    5977
    1660   2.371    5971
    1661   2.373    5963
    1662   2.374    5952
    1663   2.376    5938
    1664   2.377    5922
    1665   2.379    5904
    1666    2.38    5884
    1667   2.381    5861
    1668   2.383    5837
    1669   2.384    5811
    1670   2.386    5784
    1671   2.387    5756
    1672   2.389    5727
    1673    2.39    5697
    1674   2.391    5666
    1675   2.393    5636
    1676   2.394    5605
    1677   2.396    5574
    1678   2.397    5543
    1679   2.399    5513
    1680     2.4    5483
    1681   2.401    5454
    1682   2.403    5425
    1683   2.404    5397
    1684   2.406    5370
    1685   2.407    5344
    1686   2.409    5319
    1687    2.41    5295
    1688   2.411    5272
    1689   2.413    5250
    1690   2.414    5229
    1691   2.416    5208
    1692   2.417    5189
    1693   2.419    5170
    1694    2.42    5152
    1695   2.421    5135
    1696   2.423    5118
    1697   2.424    5101
    1698   2.426    5085
    1699   2.427    5069
    1700   2.429    5053
    1701    2.43    5037
    1702   2.431    5021
    1703   2.433    5006
    1704   2.434    4990
    1705   2.436    4974
    1706   2.437    4958
    1707   2.439    4942
    1708    2.44    4926
    1709   2.441    4909
    1710   2.443    4893
    1711   2.444    4877
    1712   2.446    4861
    1713   2.447    4846
    1714   2.449    4830
    1715    2.45    4815
    1716   2.451    4800
    1717   2.453    4786
    1718   2.454    4772
    1719   2.456    4759
    1720   2.457    4746
    1721   2.459    4734
    1722    2.46    4723
    1723   2.461    4711
    1724   2.463    4701
    1725   2.464    4691
    1726   2.466    4681
    1727   2.467    4671
    1728   2.469    4663
    1729    2.47    4654
    1730   2.471    4647
    1731   2.473    4640
    1732   2.474    4633
    1733   2.476    4628
    1734   2.477    4623
    1735   2.479    4619
    1736    2.48    4617
    1737   2.481    4615
    1738   2.483    4615
    1739   2.484    4617
    1740   2.486    4620
    1741   2.487    4624
    1742   2.489    4631
    1743    2.49    4641
    1744   2.491    4653
    1745   2.493    4668
    1746   2.494    4686
    1747   2.496    4708
    1748   2.497    4735
    1749   2.499    4766
    1750     2.5    4801
    1751   2.501    4842
    1752   2.503    4888
    1753   2.504    4941
    1754   2.506    4999
    1755   2.507    5064
    1756   2.509    5135
    1757    2.51    5213
    1758   2.511    5299
    1759   2.513    5392
    1760   2.514    5492
    1761   2.516    5600
    1762   2.517    5716
    1763   2.519    5838
    1764    2.52    5968
    1765   2.521    6105
    1766   2.523    6248
    1767   2.524    6397
    1768   2.526    6551
    1769   2.527    6709
    1770   2.529    6871
    1771    2.53    7036
    1772   2.531    7202
    1773   2.533    7369
    1774   2.534    7536
    1775   2.536    7701
    1776   2.537    7865
    1777   2.539    8024
    1778    2.54    8179
    1779   2.541    8329
    1780   2.543    8473
    1781   2.544    8609
    1782   2.546    8737
    1783   2.547    8857
    1784   2.549    8968
    1785    2.55    9069
    1786   2.551    9161
    1787   2.553    9242
    1788   2.554    9313
    1789   2.556    9375
    1790   2.557    9426
    1791   2.559    9468
    1792    2.56    9499
    1793   2.561    9523
    1794   2.563    9537
    1795   2.564    9544
    1796   2.566    9543
    1797   2.567    9535
    1798   2.569    9521
    1799    2.57    9501
    1800   2.571    9476
    1801   2.573    9447
    1802   2.574    9414
    1803   2.576    9378
    1804   2.577    9339
    1805   2.579    9298
    1806    2.58    9255
    1807   2.581    9210
    1808   2.583    9164
    1809   2.584    9118
    1810   2.586    9071
    1811   2.587    9023
    1812   2.589    8975
    1813    2.59    8927
    1814   2.591    8879
    1815   2.593    8832
    1816   2.594    8785
    1817   2.596    8739
    1818   2.597    8692
    1819   2.599    8647
    1820     2.6    8602
    1821   2.601    8557
    1822   2.603    8512
    1823   2.604    8468
    1824   2.606    8424
    1825   2.607    8381
    1826   2.609    8337
    1827    2.61    8293
    1828   2.611    8249
    1829   2.613    8205
    1830   2.614    8162
    1831   2.616    8118
    1832   2.617    8074
    1833   2.619    8030
    1834    2.62    7986
    1835   2.621    7941
    1836   2.623    7897
    1837   2.624    7852
    1838   2.626    7808
    1839   2.627    7764
    1840   2.629    7720
    1841    2.63    7676
    1842   2.631    7632
    1843   2.633    7589
    1844   2.634    7547
    1845   2.636    7505
    1846   2.637    7465
    1847   2.639    7425
    1848    2.64    7387
    1849   2.641    7350
    1850   2.643    7314
    1851   2.644    7279
    1852   2.646    7246
    1853   2.647    7213
    1854   2.649    7183
    1855    2.65    7153
    1856   2.651    7124
    1857   2.653    7097
    1858   2.654    7070
    1859   2.656    7045
    1860   2.657    7020
    1861   2.659    6996
    1862    2.66    6974
    1863   2.661    6951
    1864   2.663    6929
    1865   2.664    6907
    1866   2.666    6886
    1867   2.667    6864
    1868   2.669    6843
    1869    2.67    6820
    1870   2.671    6798
    1871   2.673    6774
    1872   2.674    6751
    1873   2.676    6726
    1874   2.677    6700
    1875   2.679    6673
    1876    2.68    6645
    1877   2.681    6616
    1878   2.683    6586
    1879   2.684    6554
    1880   2.686    6521
    1881   2.687    6487
    1882   2.689    6452
    1883    2.69    6415
    1884   2.691    6377
    1885   2.693    6338
    1886   2.694    6298
    1887   2.696    6257
    1888   2.697    6215
    1889   2.699    6173
    1890     2.7    6131
    1891   2.701    6089
    1892   2.703    6046
    1893   2.704    6004
    1894   2.706    5963
    1895   2.707    5922
    1896   2.709    5882
    1897    2.71    5843
    1898   2.711    5805
    1899   2.713    5768
    1900   2.714    5733
    1901   2.716    5699
    1902   2.717    5667
    1903   2.719    5636
    1904    2.72    5607
    1905   2.721    5580
    1906   2.723    5555
    1907   2.724    5531
    1908   2.726    5510
    1909   2.727    5490
    1910   2.729    5472
    1911    2.73    5457
    1912   2.731    5443
    1913   2.733    5430
    1914   2.734    5419
    1915   2.736    5410
    1916   2.737    5402
    1917   2.739    5396
    1918    2.74    5391
    1919   2.741    5387
    1920   2.743    5385
    1921   2.744    5384
    1922   2.746    5384
    1923   2.747    5385
    1924   2.749    5387
    1925    2.75    5389
    1926   2.751    5393
    1927   2.753    5396
    1928   2.754    5400
    1929   2.756    5404
    1930   2.757    5408
    1931   2.759    5411
    1932    2.76    5414
    1933   2.761    5417
    1934   2.763    5418
    1935   2.764    5419
    1936   2.766    5418
    1937   2.767    5417
    1938   2.769    5414
    1939    2.77    5409
    1940   2.771    5404
    1941   2.773    5396
    1942   2.774    5387
    1943   2.776    5376
    1944   2.777    5364
    1945   2.779    5350
    1946    2.78    5333
    1947   2.781    5316
    1948   2.783    5296
    1949   2.784    5275
    1950   2.786    5253
    1951   2.787    5229
    1952   2.789    5204
    1953    2.79    5178
    1954   2.791    5151
    1955   2.793    5123
    1956   2.794    5095
    1957   2.796    5066
    1958   2.797    5037
    1959   2.799    5009
    1960     2.8    4980
    1961   2.801    4952
    1962   2.803    4924
    1963   2.804    4896
    1964   2.806    4870
    1965   2.807    4844
    1966   2.809    4819
    1967    2.81    4796
    1968   2.811    4774
    1969   2.813    4753
    1970   2.814    4733
    1971   2.816    4716
    1972   2.817    4699
    1973   2.819    4684
    1974    2.82    4671
    1975   2.821    4659
    1976   2.823    4648
    1977   2.824    4639
    1978   2.826    4631
    1979   2.827    4625
    1980   2.829    4619
    1981    2.83    4614
    1982   2.831    4610
    1983   2.833    4606
    1984   2.834    4602
    1985   2.836    4599
    1986   2.837    4595
    1987   2.839    4592
    1988    2.84    4588
    1989   2.841    4583
    1990   2.843    4578
    1991   2.844    4572
    1992   2.846    4565
    1993   2.847    4558
    1994   2.849    4550
    1995    2.85    4541
    1996   2.851    4532
    1997   2.853    4523
    1998   2.854    4513
    1999   2.856    4504
    2000   2.857    4494
    2001   2.859    4486
    2002    2.86    4479
    2003   2.861    4473
    2004   2.863    4469
    2005   2.864    4468
    2006   2.866    4469
    2007   2.867    4475
    2008   2.869    4483
    2009    2.87    4496
    2010   2.871    4514
    2011   2.873    4537
    2012   2.874    4566
    2013   2.876    4602
    2014   2.877    4644
    2015   2.879    4693
    2016    2.88    4750
    2017   2.881    4816
    2018   2.883    4889
    2019   2.884    4972
    2020   2.886    5062
    2021   2.887    5162
    2022   2.889    5271
    2023    2.89    5389
    2024   2.891    5515
    2025   2.893    5651
    2026   2.894    5794
    2027   2.896    5945
    2028   2.897    6103
    2029   2.899    6267
    2030     2.9    6437
    2031   2.901    6613
    2032   2.903    6791
    2033   2.904    6973
    2034   2.906    7157
    2035   2.907    7342
    2036   2.909    7526
    2037    2.91    7709
    2038   2.911    7889
    2039   2.913    8065
    2040   2.914    8236
    2041   2.916    8401
    2042   2.917    8559
    2043   2.919    8709
    2044    2.92    8850
    2045   2.921    8982
    2046   2.923    9104
    2047   2.924    9214
    2048   2.926    9314
    2049   2.927    9402
    2050   2.929    9479
    2051    2.93    9544
    2052   2.931    9599
    2053   2.933    9642
    2054   2.934    9674
    2055   2.936    9697
    2056   2.937    9710
    2057   2.939    9713
    2058    2.94    9708
    2059   2.941    9695
    2060   2.943    9676
    2061   2.944    9649
    2062   2.946    9618
    2063   2.947    9581
    2064   2.949    9540
    2065    2.95    9496
    2066   2.951    9449
    2067   2.953    9400
    2068   2.954    9349
    2069   2.956    9297
    2070   2.957    9245
    2071   2.959    9191
    2072    2.96    9138
    2073   2.961    9086
    2074   2.963    9034
    2075   2.964    8983
    2076   2.966    8933
    2077   2.967    8884
    2078   2.969    8836
    2079    2.97    8789
    2080   2.971    8744
    2081   2.973    8700
    2082   2.974    8657
    2083   2.976    8616
    2084   2.977    8577
    2085   2.979    8540
    2086    2.98    8505
    2087   2.981    8472
    2088   2.983    8442
    2089   2.984    8413
    2090   2.986    8387
    2091   2.987    8363
    2092   2.989    8341
    2093    2.99    8320
    2094   2.991    8301
    2095   2.993    8284
    2096   2.994    8271
    2097   2.996    8260
    2098   2.997    8250
    2099   2.999    8242
